0
7.59393e-13
1.50568e-12
2.23954e-12
2.96119e-12
3.67018e-12
4.36717e-12
5.05218e-12
5.72498e-12
6.386e-12
7.03504e-12
7.67253e-12
8.29825e-12
8.91243e-12
9.51572e-12
1.01066e-11
1.06872e-11
1.12566e-11
1.18148e-11
1.23619e-11
1.28983e-11
1.34246e-11
1.39395e-11
1.44442e-11
1.49387e-11
1.54226e-11
1.58962e-11
1.63598e-11
1.68132e-11
1.72571e-11
1.76907e-11
1.81144e-11
1.85292e-11
1.89335e-11
1.93292e-11
1.97145e-11
2.00913e-11
2.04587e-11
2.08167e-11
2.1166e-11
2.15064e-11
2.18374e-11
2.21601e-11
2.24742e-11
2.27796e-11
2.30762e-11
2.33646e-11
2.36449e-11
2.39166e-11
2.41807e-11
2.44362e-11
2.46834e-11
2.49234e-11
2.51552e-11
2.53793e-11
2.55957e-11
2.58045e-11
2.60056e-11
2.61999e-11
2.63867e-11
2.65659e-11
2.67379e-11
2.69031e-11
2.70615e-11
2.72122e-11
2.73566e-11
2.7494e-11
2.76248e-11
2.77491e-11
2.78666e-11
2.79776e-11
2.80822e-11
2.81806e-11
2.82729e-11
2.83586e-11
2.84386e-11
2.85123e-11
2.858e-11
2.8642e-11
2.86982e-11
2.87486e-11
2.8793e-11
2.88323e-11
2.88658e-11
2.88938e-11
2.89166e-11
2.89344e-11
2.89462e-11
2.89535e-11
2.89553e-11
2.8952e-11
2.89435e-11
2.89306e-11
2.89124e-11
2.88898e-11
2.88625e-11
2.88303e-11
2.87936e-11
2.87523e-11
2.87068e-11
2.86566e-11
2.86025e-11
2.85438e-11
2.84808e-11
2.84137e-11
2.83427e-11
2.82674e-11
2.81881e-11
2.81055e-11
2.80185e-11
2.79279e-11
2.78335e-11
2.77356e-11
2.76341e-11
2.75291e-11
2.74205e-11
2.73084e-11
2.71927e-11
2.70741e-11
2.69522e-11
2.6827e-11
2.66989e-11
2.65676e-11
2.64329e-11
2.62954e-11
2.61553e-11
2.60119e-11
2.58658e-11
2.5717e-11
2.55653e-11
2.54112e-11
2.52542e-11
2.5095e-11
2.49329e-11
2.47689e-11
2.46021e-11
2.44329e-11
2.42615e-11
2.40878e-11
2.3912e-11
2.37339e-11
2.3554e-11
2.33717e-11
2.31875e-11
2.30014e-11
2.28131e-11
2.26232e-11
2.24314e-11
2.2238e-11
2.20426e-11
2.18456e-11
2.16471e-11
2.14464e-11
2.12448e-11
2.10416e-11
2.08367e-11
2.06306e-11
2.04232e-11
2.02138e-11
2.00036e-11
1.97926e-11
1.95797e-11
1.93656e-11
1.91509e-11
1.89349e-11
1.87177e-11
1.84994e-11
1.82803e-11
1.806e-11
1.78391e-11
1.76175e-11
1.73945e-11
1.71714e-11
1.69471e-11
1.67226e-11
1.64968e-11
1.62708e-11
1.60441e-11
1.58165e-11
1.55889e-11
1.53606e-11
1.51317e-11
1.49025e-11
1.46729e-11
1.44431e-11
1.42129e-11
1.39824e-11
1.37517e-11
1.35207e-11
1.32896e-11
1.30582e-11
1.28269e-11
1.25953e-11
1.23639e-11
1.21321e-11
1.19005e-11
1.16689e-11
1.14375e-11
1.12061e-11
1.0975e-11
1.07439e-11
1.05129e-11
1.02822e-11
1.0052e-11
9.8217e-12
9.59144e-12
9.36229e-12
9.13292e-12
8.90421e-12
8.67595e-12
8.44746e-12
8.22031e-12
7.99316e-12
7.76668e-12
7.54063e-12
7.31526e-12
7.09055e-12
6.86606e-12
6.64246e-12
6.41975e-12
6.19704e-12
5.97589e-12
5.75495e-12
5.53491e-12
5.31553e-12
5.09703e-12
4.87943e-12
4.66249e-12
4.44644e-12
4.23128e-12
4.01723e-12
3.80385e-12
3.59157e-12
3.38019e-12
3.16991e-12
2.9603e-12
2.75158e-12
2.54463e-12
2.33835e-12
2.13318e-12
1.92868e-12
1.72617e-12
1.52411e-12
1.32316e-12
1.12355e-12
9.25482e-13
7.28084e-13
5.32463e-13
3.37952e-13
1.44329e-13
4.79616e-14
2.3892e-13
4.28102e-13
6.16618e-13
8.03801e-13
9.89431e-13
1.17373e-12
1.35669e-12
1.5381e-12
1.7184e-12
1.89693e-12
2.07434e-12
2.24998e-12
2.42451e-12
2.59748e-12
2.7689e-12
2.93898e-12
3.10774e-12
3.27471e-12
3.44014e-12
3.60423e-12
3.76654e-12
3.92752e-12
4.08673e-12
4.24438e-12
4.4007e-12
4.55525e-12
4.70801e-12
4.85967e-12
5.00933e-12
5.15743e-12
5.30398e-12
5.44875e-12
5.59175e-12
5.73341e-12
5.8733e-12
6.01164e-12
6.14797e-12
6.28275e-12
6.41598e-12
6.54743e-12
6.6771e-12
6.80545e-12
6.93134e-12
7.05591e-12
7.1787e-12
7.29994e-12
7.41918e-12
7.53664e-12
7.65277e-12
7.76668e-12
7.87903e-12
7.98983e-12
8.09841e-12
8.20521e-12
8.31069e-12
8.41416e-12
8.51585e-12
8.61555e-12
8.7137e-12
8.81006e-12
8.90465e-12
8.99725e-12
9.08806e-12
9.1771e-12
9.26459e-12
9.34985e-12
9.43357e-12
9.51572e-12
9.59544e-12
9.67404e-12
9.75042e-12
9.82503e-12
9.89764e-12
9.96914e-12
1.0038e-11
1.01057e-11
1.01712e-11
1.02351e-11
1.02969e-11
1.03568e-11
1.04157e-11
1.04718e-11
1.05267e-11
1.05798e-11
1.06308e-11
1.06801e-11
1.07281e-11
1.07734e-11
1.08176e-11
1.08598e-11
1.09002e-11
1.09386e-11
1.09754e-11
1.10107e-11
1.10438e-11
1.10751e-11
1.11053e-11
1.11329e-11
1.11591e-11
1.11837e-11
1.12064e-11
1.1227e-11
1.12466e-11
1.12639e-11
1.12796e-11
1.12936e-11
1.13063e-11
1.13167e-11
1.13254e-11
1.13327e-11
1.1338e-11
1.1342e-11
1.1344e-11
1.13445e-11
1.13429e-11
1.134e-11
1.13354e-11
1.13289e-11
1.13209e-11
1.13118e-11
1.13005e-11
1.12874e-11
1.12732e-11
1.1257e-11
1.12392e-11
1.12201e-11
1.11993e-11
1.11766e-11
1.11524e-11
1.11271e-11
1.10998e-11
1.10707e-11
1.10407e-11
1.1009e-11
1.09757e-11
1.09408e-11
1.09046e-11
1.08666e-11
1.08273e-11
1.07867e-11
1.07443e-11
1.07003e-11
1.0655e-11
1.06086e-11
1.056e-11
1.05109e-11
1.04601e-11
1.04077e-11
1.03539e-11
1.02991e-11
1.02425e-11
1.01847e-11
1.01255e-11
1.00648e-11
1.00029e-11
9.93983e-12
9.87543e-12
9.80926e-12
9.74265e-12
9.67426e-12
9.60454e-12
9.53371e-12
9.46154e-12
9.38805e-12
9.31366e-12
9.23794e-12
9.16112e-12
9.08318e-12
9.00369e-12
8.92331e-12
8.84182e-12
8.75922e-12
8.67528e-12
8.59024e-12
8.50431e-12
8.41727e-12
8.32889e-12
8.23985e-12
8.14948e-12
8.05822e-12
7.96563e-12
7.87237e-12
7.77844e-12
7.68274e-12
7.58704e-12
7.48934e-12
7.3912e-12
7.29217e-12
7.19225e-12
7.09144e-12
6.98974e-12
6.88716e-12
6.78346e-12
6.6791e-12
6.57407e-12
6.46794e-12
6.36091e-12
6.25366e-12
6.14531e-12
6.03584e-12
5.92615e-12
5.81557e-12
5.70433e-12
5.59242e-12
5.47984e-12
5.36615e-12
5.25224e-12
5.13767e-12
5.0222e-12
4.90608e-12
4.78972e-12
4.67271e-12
4.5548e-12
4.4369e-12
4.3181e-12
4.19864e-12
4.07874e-12
3.95861e-12
3.8376e-12
3.71658e-12
3.5949e-12
3.47278e-12
3.34999e-12
3.2272e-12
3.10374e-12
2.97984e-12
2.85594e-12
2.73137e-12
2.60658e-12
2.48157e-12
2.35612e-12
2.23044e-12
2.10409e-12
1.9782e-12
1.85141e-12
1.72484e-12
1.59806e-12
1.47082e-12
1.34359e-12
1.21614e-12
1.08846e-12
9.60787e-13
8.32889e-13
7.04992e-13
5.76872e-13
4.48752e-13
3.20854e-13
1.92513e-13
6.41709e-14
6.41709e-14
1.92513e-13
3.20632e-13
4.4853e-13
5.76872e-13
7.0477e-13
8.32667e-13
9.60787e-13
1.08846e-12
1.21636e-12
1.34359e-12
1.47105e-12
1.5985e-12
1.72506e-12
1.85207e-12
1.97864e-12
2.10498e-12
2.23088e-12
2.35678e-12
2.48246e-12
2.60725e-12
2.73226e-12
2.85705e-12
2.98117e-12
3.10529e-12
3.22875e-12
3.35154e-12
3.47433e-12
3.5969e-12
3.71836e-12
3.83982e-12
3.96083e-12
4.08162e-12
4.20153e-12
4.32077e-12
4.44e-12
4.55835e-12
4.67626e-12
4.7935e-12
4.91029e-12
5.02642e-12
5.14189e-12
5.25646e-12
5.37104e-12
5.4845e-12
5.59752e-12
5.70965e-12
5.82134e-12
5.93192e-12
6.04206e-12
6.15152e-12
6.2601e-12
6.36802e-12
6.47504e-12
6.58118e-12
6.68643e-12
6.79123e-12
6.89537e-12
6.99796e-12
7.09988e-12
7.20113e-12
7.30149e-12
7.40075e-12
7.49933e-12
7.59659e-12
7.69318e-12
7.78888e-12
7.88347e-12
7.97695e-12
8.06955e-12
8.16147e-12
8.25184e-12
8.34133e-12
8.42992e-12
8.51719e-12
8.60378e-12
8.68905e-12
8.7732e-12
8.85603e-12
8.93796e-12
9.01879e-12
9.09806e-12
9.17666e-12
9.25415e-12
9.33009e-12
9.40492e-12
9.47842e-12
9.55103e-12
9.62208e-12
9.69202e-12
9.76086e-12
9.82814e-12
9.89431e-12
9.95937e-12
1.00222e-11
1.00846e-11
1.01454e-11
1.02052e-11
1.02631e-11
1.03202e-11
1.03757e-11
1.04297e-11
1.04821e-11
1.05334e-11
1.05833e-11
1.06317e-11
1.06788e-11
1.07241e-11
1.07685e-11
1.08109e-11
1.08522e-11
1.08917e-11
1.09301e-11
1.09666e-11
1.10016e-11
1.10356e-11
1.10676e-11
1.1098e-11
1.11271e-11
1.11546e-11
1.11804e-11
1.12048e-11
1.12277e-11
1.12488e-11
1.12683e-11
1.12865e-11
1.1303e-11
1.13172e-11
1.13303e-11
1.13423e-11
1.13518e-11
1.136e-11
1.13665e-11
1.13713e-11
1.13749e-11
1.13762e-11
1.13762e-11
1.13742e-11
1.13709e-11
1.13654e-11
1.13585e-11
1.135e-11
1.13396e-11
1.13274e-11
1.13136e-11
1.12983e-11
1.1281e-11
1.12617e-11
1.1241e-11
1.12186e-11
1.11939e-11
1.11682e-11
1.11404e-11
1.11107e-11
1.10796e-11
1.10461e-11
1.10112e-11
1.09746e-11
1.09361e-11
1.08957e-11
1.08535e-11
1.08098e-11
1.07643e-11
1.07168e-11
1.06672e-11
1.06164e-11
1.05631e-11
1.05087e-11
1.04521e-11
1.03935e-11
1.03337e-11
1.02713e-11
1.02076e-11
1.01423e-11
1.00748e-11
1.00056e-11
9.93405e-12
9.86167e-12
9.78684e-12
9.71023e-12
9.63185e-12
9.55169e-12
9.46931e-12
9.38583e-12
9.30012e-12
9.21263e-12
9.12359e-12
9.03233e-12
8.93952e-12
8.8447e-12
8.74856e-12
8.65019e-12
8.54983e-12
8.44813e-12
8.34444e-12
8.23874e-12
8.13172e-12
8.02247e-12
7.91189e-12
7.79887e-12
7.68474e-12
7.56861e-12
7.45048e-12
7.33102e-12
7.20957e-12
7.08633e-12
6.96132e-12
6.83475e-12
6.70597e-12
6.57585e-12
6.44418e-12
6.31073e-12
6.17528e-12
6.03806e-12
5.8995e-12
5.75895e-12
5.61706e-12
5.4734e-12
5.32796e-12
5.18097e-12
5.03242e-12
4.88187e-12
4.72999e-12
4.57656e-12
4.42157e-12
4.26437e-12
4.10583e-12
3.94618e-12
3.78453e-12
3.62133e-12
3.45679e-12
3.29026e-12
3.12261e-12
2.95364e-12
2.78266e-12
2.61036e-12
2.43672e-12
2.2613e-12
2.08478e-12
1.90647e-12
1.72706e-12
1.54587e-12
1.36358e-12
1.1795e-12
9.94316e-13
8.07798e-13
6.19949e-13
4.30767e-13
2.4003e-13
4.81837e-14
1.44773e-13
3.39506e-13
5.35127e-13
7.32303e-13
9.30589e-13
1.12998e-12
1.33049e-12
1.53255e-12
1.73528e-12
1.93934e-12
2.14495e-12
2.35123e-12
2.55862e-12
2.76712e-12
2.97673e-12
3.18723e-12
3.39906e-12
3.61156e-12
3.82538e-12
4.03966e-12
4.25526e-12
4.47176e-12
4.68892e-12
4.90719e-12
5.12634e-12
5.34595e-12
5.56688e-12
5.78848e-12
6.01053e-12
6.23324e-12
6.4575e-12
6.68154e-12
6.9067e-12
7.13252e-12
7.35878e-12
7.58571e-12
7.81331e-12
8.04135e-12
8.26983e-12
8.49876e-12
8.72835e-12
8.95861e-12
9.18865e-12
9.41958e-12
9.65095e-12
9.8821e-12
1.01144e-11
1.03462e-11
1.05786e-11
1.08111e-11
1.10441e-11
1.12768e-11
1.15099e-11
1.17433e-11
1.19764e-11
1.22096e-11
1.24429e-11
1.26763e-11
1.29095e-11
1.3143e-11
1.33757e-11
1.36087e-11
1.38418e-11
1.40741e-11
1.43063e-11
1.45384e-11
1.47702e-11
1.50016e-11
1.52325e-11
1.54632e-11
1.56937e-11
1.5923e-11
1.61524e-11
1.63809e-11
1.66087e-11
1.68365e-11
1.70632e-11
1.72891e-11
1.75144e-11
1.77389e-11
1.79625e-11
1.81852e-11
1.84073e-11
1.86284e-11
1.88485e-11
1.90676e-11
1.92857e-11
1.95022e-11
1.97184e-11
1.99329e-11
2.01463e-11
2.03582e-11
2.05695e-11
2.07787e-11
2.0987e-11
2.11935e-11
2.13989e-11
2.16027e-11
2.1805e-11
2.20053e-11
2.2204e-11
2.24016e-11
2.25968e-11
2.27907e-11
2.29823e-11
2.31726e-11
2.33604e-11
2.35465e-11
2.37308e-11
2.39126e-11
2.40923e-11
2.42701e-11
2.44456e-11
2.46188e-11
2.47895e-11
2.49583e-11
2.51241e-11
2.5288e-11
2.54492e-11
2.56075e-11
2.57636e-11
2.5917e-11
2.60674e-11
2.62148e-11
2.636e-11
2.65019e-11
2.66411e-11
2.6777e-11
2.69103e-11
2.70401e-11
2.71667e-11
2.72902e-11
2.74105e-11
2.75275e-11
2.7641e-11
2.77511e-11
2.78577e-11
2.79607e-11
2.806e-11
2.81557e-11
2.82476e-11
2.83358e-11
2.84199e-11
2.85003e-11
2.85769e-11
2.86491e-11
2.87168e-11
2.87812e-11
2.88409e-11
2.88962e-11
2.89475e-11
2.89941e-11
2.90363e-11
2.90739e-11
2.91069e-11
2.91349e-11
2.91582e-11
2.91773e-11
2.91911e-11
2.92e-11
2.9204e-11
2.92029e-11
2.9196e-11
2.91849e-11
2.91678e-11
2.91454e-11
2.91176e-11
2.90847e-11
2.90454e-11
2.9001e-11
2.89506e-11
2.88947e-11
2.88329e-11
2.8765e-11
2.86913e-11
2.86113e-11
2.85252e-11
2.8433e-11
2.8334e-11
2.8229e-11
2.81177e-11
2.79996e-11
2.7875e-11
2.77438e-11
2.76055e-11
2.74603e-11
2.73086e-11
2.71494e-11
2.69835e-11
2.68106e-11
2.66298e-11
2.64424e-11
2.62468e-11
2.60443e-11
2.5834e-11
2.56157e-11
2.53906e-11
2.5157e-11
2.49152e-11
2.4666e-11
2.44085e-11
2.41427e-11
2.38691e-11
2.35867e-11
2.32958e-11
2.29967e-11
2.26892e-11
2.23728e-11
2.20473e-11
2.17131e-11
2.13702e-11
2.10181e-11
2.06568e-11
2.02862e-11
1.99063e-11
1.95175e-11
1.91185e-11
1.87104e-11
1.82923e-11
1.78646e-11
1.74269e-11
1.69793e-11
1.65217e-11
1.6054e-11
1.55758e-11
1.50875e-11
1.45886e-11
1.4079e-11
1.35592e-11
1.3028e-11
1.24865e-11
1.19338e-11
1.13702e-11
1.07954e-11
1.02094e-11
9.61187e-12
9.00302e-12
8.38263e-12
7.75069e-12
7.1072e-12
6.45151e-12
5.78382e-12
5.10392e-12
4.41247e-12
3.70814e-12
2.99205e-12
2.26263e-12
1.52123e-12
7.66942e-13
0
