0 0
2.07875e-08 6.25626e-05
4.14507e-08 0.000125125
6.19898e-08 0.000187688
8.24051e-08 0.00025025
1.02697e-07 0.000312813
1.22865e-07 0.000375375
1.4291e-07 0.000437938
1.62833e-07 0.000500501
1.82632e-07 0.000563063
2.0231e-07 0.000625626
2.21865e-07 0.000688188
2.41298e-07 0.000750751
2.6061e-07 0.000813313
2.798e-07 0.000875876
2.9887e-07 0.000938438
3.17818e-07 0.001001
3.36646e-07 0.00106356
3.55353e-07 0.00112613
3.7394e-07 0.00118869
3.92407e-07 0.00125125
4.10755e-07 0.00131381
4.28983e-07 0.00137638
4.47091e-07 0.00143894
4.65081e-07 0.0015015
4.82953e-07 0.00156406
5.00705e-07 0.00162663
5.1834e-07 0.00168919
5.35857e-07 0.00175175
5.53256e-07 0.00181431
5.70537e-07 0.00187688
5.87701e-07 0.00193944
6.04748e-07 0.002002
6.21679e-07 0.00206456
6.38493e-07 0.00212713
6.55191e-07 0.00218969
6.71773e-07 0.00225225
6.88239e-07 0.00231481
7.04589e-07 0.00237738
7.20824e-07 0.00243994
7.36945e-07 0.0025025
7.5295e-07 0.00256507
7.68841e-07 0.00262763
7.84618e-07 0.00269019
8.00281e-07 0.00275275
8.15829e-07 0.00281532
8.31265e-07 0.00287788
8.46587e-07 0.00294044
8.61796e-07 0.003003
8.76892e-07 0.00306557
8.91876e-07 0.00312813
9.06747e-07 0.00319069
9.21506e-07 0.00325325
9.36154e-07 0.00331582
9.5069e-07 0.00337838
9.65114e-07 0.00344094
9.79428e-07 0.0035035
9.9363e-07 0.00356607
1.00772e-06 0.00362863
1.0217e-06 0.00369119
1.03558e-06 0.00375375
1.04934e-06 0.00381632
1.06299e-06 0.00387888
1.07653e-06 0.00394144
1.08997e-06 0.004004
1.10329e-06 0.00406657
1.11651e-06 0.00412913
1.12961e-06 0.00419169
1.14261e-06 0.00425425
1.15551e-06 0.00431682
1.16829e-06 0.00437938
1.18097e-06 0.00444194
1.19354e-06 0.0045045
1.206e-06 0.00456707
1.21835e-06 0.00462963
1.2306e-06 0.00469219
1.24275e-06 0.00475475
1.25479e-06 0.00481732
1.26672e-06 0.00487988
1.27854e-06 0.00494244
1.29026e-06 0.00500501
1.30188e-06 0.00506757
1.31339e-06 0.00513013
1.3248e-06 0.00519269
1.3361e-06 0.00525526
1.3473e-06 0.00531782
1.3584e-06 0.00538038
1.36939e-06 0.00544294
1.38028e-06 0.00550551
1.39106e-06 0.00556807
1.40175e-06 0.00563063
1.41233e-06 0.00569319
1.4228e-06 0.00575576
1.43318e-06 0.00581832
1.44346e-06 0.00588088
1.45363e-06 0.00594344
1.4637e-06 0.00600601
1.47367e-06 0.00606857
1.48354e-06 0.00613113
1.49331e-06 0.00619369
1.50298e-06 0.00625626
1.51255e-06 0.00631882
1.52202e-06 0.00638138
1.53139e-06 0.00644394
1.54066e-06 0.00650651
1.54983e-06 0.00656907
1.5589e-06 0.00663163
1.56788e-06 0.00669419
1.57675e-06 0.00675676
1.58553e-06 0.00681932
1.59421e-06 0.00688188
1.6028e-06 0.00694444
1.61128e-06 0.00700701
1.61967e-06 0.00706957
1.62796e-06 0.00713213
1.63616e-06 0.00719469
1.64425e-06 0.00725726
1.65226e-06 0.00731982
1.66016e-06 0.00738238
1.66798e-06 0.00744494
1.67569e-06 0.00750751
1.68331e-06 0.00757007
1.69084e-06 0.00763263
1.69827e-06 0.0076952
1.70561e-06 0.00775776
1.71285e-06 0.00782032
1.72e-06 0.00788288
1.72705e-06 0.00794545
1.73402e-06 0.00800801
1.74089e-06 0.00807057
1.74766e-06 0.00813313
1.75435e-06 0.0081957
1.76094e-06 0.00825826
1.76744e-06 0.00832082
1.77384e-06 0.00838338
1.78016e-06 0.00844595
1.78638e-06 0.00850851
1.79252e-06 0.00857107
1.79856e-06 0.00863363
1.80451e-06 0.0086962
1.81037e-06 0.00875876
1.81614e-06 0.00882132
1.82182e-06 0.00888388
1.82741e-06 0.00894645
1.83292e-06 0.00900901
1.83833e-06 0.00907157
1.84365e-06 0.00913413
1.84889e-06 0.0091967
1.85404e-06 0.00925926
1.8591e-06 0.00932182
1.86407e-06 0.00938438
1.86895e-06 0.00944695
1.87375e-06 0.00950951
1.87845e-06 0.00957207
1.88308e-06 0.00963463
1.88761e-06 0.0096972
1.89206e-06 0.00975976
1.89642e-06 0.00982232
1.9007e-06 0.00988488
1.90489e-06 0.00994745
1.90899e-06 0.01001
1.91301e-06 0.0100726
1.91695e-06 0.0101351
1.9208e-06 0.0101977
1.92457e-06 0.0102603
1.92825e-06 0.0103228
1.93185e-06 0.0103854
1.93536e-06 0.0104479
1.93879e-06 0.0105105
1.94214e-06 0.0105731
1.9454e-06 0.0106356
1.94858e-06 0.0106982
1.95168e-06 0.0107608
1.9547e-06 0.0108233
1.95764e-06 0.0108859
1.96049e-06 0.0109484
1.96326e-06 0.011011
1.96595e-06 0.0110736
1.96856e-06 0.0111361
1.97109e-06 0.0111987
1.97354e-06 0.0112613
1.97591e-06 0.0113238
1.97819e-06 0.0113864
1.9804e-06 0.0114489
1.98253e-06 0.0115115
1.98458e-06 0.0115741
1.98655e-06 0.0116366
1.98844e-06 0.0116992
1.99026e-06 0.0117618
1.99199e-06 0.0118243
1.99365e-06 0.0118869
1.99523e-06 0.0119494
1.99673e-06 0.012012
1.99815e-06 0.0120746
1.9995e-06 0.0121371
2.00077e-06 0.0121997
2.00197e-06 0.0122623
2.00309e-06 0.0123248
2.00413e-06 0.0123874
2.00509e-06 0.0124499
2.00598e-06 0.0125125
2.0068e-06 0.0125751
2.00754e-06 0.0126376
2.0082e-06 0.0127002
2.00879e-06 0.0127628
2.00931e-06 0.0128253
2.00975e-06 0.0128879
2.01012e-06 0.0129505
2.01042e-06 0.013013
2.01064e-06 0.0130756
2.01079e-06 0.0131381
2.01086e-06 0.0132007
2.01087e-06 0.0132633
2.0108e-06 0.0133258
2.01066e-06 0.0133884
2.01044e-06 0.013451
2.01016e-06 0.0135135
2.0098e-06 0.0135761
2.00938e-06 0.0136386
2.00888e-06 0.0137012
2.00831e-06 0.0137638
2.00767e-06 0.0138263
2.00696e-06 0.0138889
2.00619e-06 0.0139515
2.00534e-06 0.014014
2.00442e-06 0.0140766
2.00343e-06 0.0141391
2.00238e-06 0.0142017
2.00126e-06 0.0142643
2.00006e-06 0.0143268
1.9988e-06 0.0143894
1.99747e-06 0.014452
1.99608e-06 0.0145145
1.99462e-06 0.0145771
1.99309e-06 0.0146396
1.99149e-06 0.0147022
1.98982e-06 0.0147648
1.98809e-06 0.0148273
1.9863e-06 0.0148899
1.98444e-06 0.0149525
1.98251e-06 0.015015
1.98052e-06 0.0150776
1.97846e-06 0.0151401
1.97633e-06 0.0152027
1.97415e-06 0.0152653
1.9719e-06 0.0153278
1.96958e-06 0.0153904
1.9672e-06 0.015453
1.96476e-06 0.0155155
1.96225e-06 0.0155781
1.95968e-06 0.0156406
1.95705e-06 0.0157032
1.95435e-06 0.0157658
1.95159e-06 0.0158283
1.94877e-06 0.0158909
1.94589e-06 0.0159535
1.94295e-06 0.016016
1.93994e-06 0.0160786
1.93688e-06 0.0161411
1.93375e-06 0.0162037
1.93056e-06 0.0162663
1.92731e-06 0.0163288
1.92401e-06 0.0163914
1.92064e-06 0.016454
1.91721e-06 0.0165165
1.91372e-06 0.0165791
1.91018e-06 0.0166416
1.90657e-06 0.0167042
1.90291e-06 0.0167668
1.89919e-06 0.0168293
1.8954e-06 0.0168919
1.89157e-06 0.0169545
1.88767e-06 0.017017
1.88372e-06 0.0170796
1.87971e-06 0.0171421
1.87564e-06 0.0172047
1.87152e-06 0.0172673
1.86734e-06 0.0173298
1.8631e-06 0.0173924
1.85881e-06 0.017455
1.85446e-06 0.0175175
1.85006e-06 0.0175801
1.8456e-06 0.0176426
1.84108e-06 0.0177052
1.83652e-06 0.0177678
1.83189e-06 0.0178303
1.82722e-06 0.0178929
1.82249e-06 0.0179555
1.8177e-06 0.018018
1.81286e-06 0.0180806
1.80797e-06 0.0181431
1.80303e-06 0.0182057
1.79803e-06 0.0182683
1.79298e-06 0.0183308
1.78788e-06 0.0183934
1.78273e-06 0.018456
1.77753e-06 0.0185185
1.77227e-06 0.0185811
1.76696e-06 0.0186436
1.7616e-06 0.0187062
1.75619e-06 0.0187688
1.75074e-06 0.0188313
1.74523e-06 0.0188939
1.73967e-06 0.0189565
1.73406e-06 0.019019
1.7284e-06 0.0190816
1.72269e-06 0.0191441
1.71694e-06 0.0192067
1.71113e-06 0.0192693
1.70528e-06 0.0193318
1.69938e-06 0.0193944
1.69343e-06 0.019457
1.68743e-06 0.0195195
1.68138e-06 0.0195821
1.67529e-06 0.0196446
1.66915e-06 0.0197072
1.66297e-06 0.0197698
1.65674e-06 0.0198323
1.65046e-06 0.0198949
1.64413e-06 0.0199575
1.63776e-06 0.02002
1.63135e-06 0.0200826
1.62489e-06 0.0201451
1.61838e-06 0.0202077
1.61183e-06 0.0202703
1.60524e-06 0.0203328
1.5986e-06 0.0203954
1.59192e-06 0.020458
1.58519e-06 0.0205205
1.57842e-06 0.0205831
1.57161e-06 0.0206456
1.56475e-06 0.0207082
1.55786e-06 0.0207708
1.55091e-06 0.0208333
1.54393e-06 0.0208959
1.53691e-06 0.0209585
1.52984e-06 0.021021
1.52273e-06 0.0210836
1.51558e-06 0.0211461
1.50839e-06 0.0212087
1.50116e-06 0.0212713
1.49389e-06 0.0213338
1.48658e-06 0.0213964
1.47923e-06 0.021459
1.47184e-06 0.0215215
1.46441e-06 0.0215841
1.45694e-06 0.0216466
1.44943e-06 0.0217092
1.44188e-06 0.0217718
1.4343e-06 0.0218343
1.42667e-06 0.0218969
1.41901e-06 0.0219595
1.41131e-06 0.022022
1.40358e-06 0.0220846
1.3958e-06 0.0221471
1.38799e-06 0.0222097
1.38014e-06 0.0222723
1.37226e-06 0.0223348
1.36434e-06 0.0223974
1.35638e-06 0.02246
1.34839e-06 0.0225225
1.34036e-06 0.0225851
1.3323e-06 0.0226476
1.3242e-06 0.0227102
1.31607e-06 0.0227728
1.30791e-06 0.0228353
1.29971e-06 0.0228979
1.29147e-06 0.0229605
1.2832e-06 0.023023
1.2749e-06 0.0230856
1.26657e-06 0.0231481
1.2582e-06 0.0232107
1.2498e-06 0.0232733
1.24137e-06 0.0233358
1.2329e-06 0.0233984
1.22441e-06 0.023461
1.21588e-06 0.0235235
1.20732e-06 0.0235861
1.19873e-06 0.0236486
1.1901e-06 0.0237112
1.18145e-06 0.0237738
1.17277e-06 0.0238363
1.16406e-06 0.0238989
1.15531e-06 0.0239615
1.14654e-06 0.024024
1.13774e-06 0.0240866
1.12891e-06 0.0241491
1.12005e-06 0.0242117
1.11116e-06 0.0242743
1.10224e-06 0.0243368
1.0933e-06 0.0243994
1.08432e-06 0.024462
1.07532e-06 0.0245245
1.06629e-06 0.0245871
1.05724e-06 0.0246496
1.04816e-06 0.0247122
1.03905e-06 0.0247748
1.02991e-06 0.0248373
1.02075e-06 0.0248999
1.01156e-06 0.0249625
1.00235e-06 0.025025
9.93112e-07 0.0250876
9.83849e-07 0.0251502
9.7456e-07 0.0252127
9.65247e-07 0.0252753
9.5591e-07 0.0253378
9.46548e-07 0.0254004
9.37163e-07 0.025463
9.27754e-07 0.0255255
9.18321e-07 0.0255881
9.08866e-07 0.0256507
8.99387e-07 0.0257132
8.89886e-07 0.0257758
8.80363e-07 0.0258383
8.70817e-07 0.0259009
8.6125e-07 0.0259635
8.51661e-07 0.026026
8.4205e-07 0.0260886
8.32419e-07 0.0261512
8.22766e-07 0.0262137
8.13093e-07 0.0262763
8.034e-07 0.0263388
7.93686e-07 0.0264014
7.83953e-07 0.026464
7.742e-07 0.0265265
7.64428e-07 0.0265891
7.54636e-07 0.0266517
7.44826e-07 0.0267142
7.34997e-07 0.0267768
7.2515e-07 0.0268393
7.15285e-07 0.0269019
7.05401e-07 0.0269645
6.95501e-07 0.027027
6.85582e-07 0.0270896
6.75647e-07 0.0271522
6.65695e-07 0.0272147
6.55726e-07 0.0272773
6.45741e-07 0.0273398
6.3574e-07 0.0274024
6.25723e-07 0.027465
6.15691e-07 0.0275275
6.05643e-07 0.0275901
5.9558e-07 0.0276527
5.85502e-07 0.0277152
5.7541e-07 0.0277778
5.65303e-07 0.0278403
5.55182e-07 0.0279029
5.45048e-07 0.0279655
5.349e-07 0.028028
5.24738e-07 0.0280906
5.14564e-07 0.0281532
5.04376e-07 0.0282157
4.94176e-07 0.0282783
4.83964e-07 0.0283408
4.7374e-07 0.0284034
4.63504e-07 0.028466
4.53256e-07 0.0285285
4.42997e-07 0.0285911
4.32727e-07 0.0286537
4.22446e-07 0.0287162
4.12155e-07 0.0287788
4.01853e-07 0.0288413
3.91542e-07 0.0289039
3.8122e-07 0.0289665
3.70889e-07 0.029029
3.60549e-07 0.0290916
3.502e-07 0.0291542
3.39841e-07 0.0292167
3.29475e-07 0.0292793
3.191e-07 0.0293418
3.08717e-07 0.0294044
2.98326e-07 0.029467
2.87928e-07 0.0295295
2.77522e-07 0.0295921
2.6711e-07 0.0296547
2.56691e-07 0.0297172
2.46265e-07 0.0297798
2.35833e-07 0.0298423
2.25394e-07 0.0299049
2.14951e-07 0.0299675
2.04501e-07 0.03003
1.94047e-07 0.0300926
1.83587e-07 0.0301552
1.73123e-07 0.0302177
1.62654e-07 0.0302803
1.52181e-07 0.0303428
1.41704e-07 0.0304054
1.31223e-07 0.030468
1.20738e-07 0.0305305
1.10251e-07 0.0305931
9.97604e-08 0.0306557
8.92671e-08 0.0307182
7.87714e-08 0.0307808
6.82735e-08 0.0308433
5.77735e-08 0.0309059
4.72719e-08 0.0309685
3.67688e-08 0.031031
2.62645e-08 0.0310936
1.57592e-08 0.0311562
5.25318e-09 0.0312187
5.25326e-09 0.0312813
1.57599e-08 0.0313438
2.62665e-08 0.0314064
3.67728e-08 0.031469
4.72785e-08 0.0315315
5.77835e-08 0.0315941
6.82873e-08 0.0316567
7.87899e-08 0.0317192
8.92909e-08 0.0317818
9.97901e-08 0.0318443
1.10287e-07 0.0319069
1.20782e-07 0.0319695
1.31274e-07 0.032032
1.41763e-07 0.0320946
1.5225e-07 0.0321572
1.62733e-07 0.0322197
1.73212e-07 0.0322823
1.83688e-07 0.0323448
1.94159e-07 0.0324074
2.04626e-07 0.03247
2.15089e-07 0.0325325
2.25546e-07 0.0325951
2.35999e-07 0.0326577
2.46446e-07 0.0327202
2.56887e-07 0.0327828
2.67323e-07 0.0328453
2.77753e-07 0.0329079
2.88176e-07 0.0329705
2.98592e-07 0.033033
3.09002e-07 0.0330956
3.19404e-07 0.0331582
3.298e-07 0.0332207
3.40187e-07 0.0332833
3.50567e-07 0.0333458
3.60938e-07 0.0334084
3.71301e-07 0.033471
3.81656e-07 0.0335335
3.92001e-07 0.0335961
4.02338e-07 0.0336587
4.12665e-07 0.0337212
4.22982e-07 0.0337838
4.33289e-07 0.0338463
4.43587e-07 0.0339089
4.53873e-07 0.0339715
4.64149e-07 0.034034
4.74415e-07 0.0340966
4.84669e-07 0.0341592
4.94911e-07 0.0342217
5.05142e-07 0.0342843
5.15361e-07 0.0343468
5.25568e-07 0.0344094
5.35762e-07 0.034472
5.45944e-07 0.0345345
5.56112e-07 0.0345971
5.66268e-07 0.0346597
5.7641e-07 0.0347222
5.86538e-07 0.0347848
5.96652e-07 0.0348473
6.06752e-07 0.0349099
6.16838e-07 0.0349725
6.26909e-07 0.035035
6.36964e-07 0.0350976
6.47005e-07 0.0351602
6.5703e-07 0.0352227
6.6704e-07 0.0352853
6.77033e-07 0.0353478
6.8701e-07 0.0354104
6.96971e-07 0.035473
7.06914e-07 0.0355355
7.16841e-07 0.0355981
7.26751e-07 0.0356607
7.36643e-07 0.0357232
7.46517e-07 0.0357858
7.56373e-07 0.0358483
7.66211e-07 0.0359109
7.76031e-07 0.0359735
7.85831e-07 0.036036
7.95613e-07 0.0360986
8.05375e-07 0.0361612
8.15118e-07 0.0362237
8.24841e-07 0.0362863
8.34544e-07 0.0363488
8.44226e-07 0.0364114
8.53888e-07 0.036474
8.63529e-07 0.0365365
8.73149e-07 0.0365991
8.82748e-07 0.0366617
8.92325e-07 0.0367242
9.01881e-07 0.0367868
9.11414e-07 0.0368493
9.20925e-07 0.0369119
9.30413e-07 0.0369745
9.39878e-07 0.037037
9.49321e-07 0.0370996
9.5874e-07 0.0371622
9.68135e-07 0.0372247
9.77506e-07 0.0372873
9.86854e-07 0.0373498
9.96177e-07 0.0374124
1.00548e-06 0.037475
1.01475e-06 0.0375375
1.024e-06 0.0376001
1.03322e-06 0.0376627
1.04242e-06 0.0377252
1.05159e-06 0.0377878
1.06073e-06 0.0378504
1.06985e-06 0.0379129
1.07894e-06 0.0379755
1.08801e-06 0.038038
1.09705e-06 0.0381006
1.10606e-06 0.0381632
1.11504e-06 0.0382257
1.124e-06 0.0382883
1.13292e-06 0.0383509
1.14182e-06 0.0384134
1.15069e-06 0.038476
1.15953e-06 0.0385385
1.16834e-06 0.0386011
1.17712e-06 0.0386637
1.18588e-06 0.0387262
1.1946e-06 0.0387888
1.20329e-06 0.0388514
1.21195e-06 0.0389139
1.22058e-06 0.0389765
1.22918e-06 0.039039
1.23775e-06 0.0391016
1.24629e-06 0.0391642
1.25479e-06 0.0392267
1.26327e-06 0.0392893
1.27171e-06 0.0393519
1.28012e-06 0.0394144
1.28849e-06 0.039477
1.29684e-06 0.0395395
1.30514e-06 0.0396021
1.31342e-06 0.0396647
1.32166e-06 0.0397272
1.32987e-06 0.0397898
1.33804e-06 0.0398524
1.34618e-06 0.0399149
1.35429e-06 0.0399775
1.36236e-06 0.04004
1.37039e-06 0.0401026
1.37839e-06 0.0401652
1.38635e-06 0.0402277
1.39428e-06 0.0402903
1.40217e-06 0.0403529
1.41002e-06 0.0404154
1.41784e-06 0.040478
1.42562e-06 0.0405405
1.43336e-06 0.0406031
1.44106e-06 0.0406657
1.44873e-06 0.0407282
1.45636e-06 0.0407908
1.46395e-06 0.0408534
1.4715e-06 0.0409159
1.47901e-06 0.0409785
1.48649e-06 0.041041
1.49392e-06 0.0411036
1.50132e-06 0.0411662
1.50867e-06 0.0412287
1.51599e-06 0.0412913
1.52326e-06 0.0413539
1.53049e-06 0.0414164
1.53768e-06 0.041479
1.54484e-06 0.0415415
1.55195e-06 0.0416041
1.55901e-06 0.0416667
1.56604e-06 0.0417292
1.57302e-06 0.0417918
1.57996e-06 0.0418544
1.58686e-06 0.0419169
1.59372e-06 0.0419795
1.60053e-06 0.042042
1.6073e-06 0.0421046
1.61402e-06 0.0421672
1.62071e-06 0.0422297
1.62734e-06 0.0422923
1.63394e-06 0.0423549
1.64048e-06 0.0424174
1.64699e-06 0.04248
1.65344e-06 0.0425425
1.65985e-06 0.0426051
1.66622e-06 0.0426677
1.67254e-06 0.0427302
1.67881e-06 0.0427928
1.68504e-06 0.0428554
1.69122e-06 0.0429179
1.69735e-06 0.0429805
1.70344e-06 0.043043
1.70948e-06 0.0431056
1.71547e-06 0.0431682
1.72141e-06 0.0432307
1.72731e-06 0.0432933
1.73315e-06 0.0433559
1.73895e-06 0.0434184
1.7447e-06 0.043481
1.75039e-06 0.0435435
1.75604e-06 0.0436061
1.76164e-06 0.0436687
1.76719e-06 0.0437312
1.77269e-06 0.0437938
1.77813e-06 0.0438564
1.78353e-06 0.0439189
1.78888e-06 0.0439815
1.79417e-06 0.044044
1.79941e-06 0.0441066
1.8046e-06 0.0441692
1.80974e-06 0.0442317
1.81483e-06 0.0442943
1.81986e-06 0.0443569
1.82484e-06 0.0444194
1.82977e-06 0.044482
1.83464e-06 0.0445445
1.83946e-06 0.0446071
1.84423e-06 0.0446697
1.84894e-06 0.0447322
1.85359e-06 0.0447948
1.8582e-06 0.0448574
1.86274e-06 0.0449199
1.86724e-06 0.0449825
1.87167e-06 0.045045
1.87605e-06 0.0451076
1.88038e-06 0.0451702
1.88465e-06 0.0452327
1.88886e-06 0.0452953
1.89301e-06 0.0453579
1.89711e-06 0.0454204
1.90115e-06 0.045483
1.90514e-06 0.0455455
1.90906e-06 0.0456081
1.91293e-06 0.0456707
1.91674e-06 0.0457332
1.92049e-06 0.0457958
1.92418e-06 0.0458584
1.92781e-06 0.0459209
1.93138e-06 0.0459835
1.9349e-06 0.046046
1.93835e-06 0.0461086
1.94175e-06 0.0461712
1.94508e-06 0.0462337
1.94835e-06 0.0462963
1.95156e-06 0.0463589
1.95471e-06 0.0464214
1.9578e-06 0.046484
1.96083e-06 0.0465465
1.9638e-06 0.0466091
1.9667e-06 0.0466717
1.96954e-06 0.0467342
1.97232e-06 0.0467968
1.97503e-06 0.0468594
1.97768e-06 0.0469219
1.98027e-06 0.0469845
1.9828e-06 0.047047
1.98526e-06 0.0471096
1.98766e-06 0.0471722
1.98999e-06 0.0472347
1.99226e-06 0.0472973
1.99446e-06 0.0473599
1.9966e-06 0.0474224
1.99867e-06 0.047485
2.00067e-06 0.0475475
2.00261e-06 0.0476101
2.00449e-06 0.0476727
2.00629e-06 0.0477352
2.00803e-06 0.0477978
2.00971e-06 0.0478604
2.01131e-06 0.0479229
2.01285e-06 0.0479855
2.01432e-06 0.048048
2.01572e-06 0.0481106
2.01706e-06 0.0481732
2.01832e-06 0.0482357
2.01952e-06 0.0482983
2.02065e-06 0.0483609
2.02171e-06 0.0484234
2.02269e-06 0.048486
2.02361e-06 0.0485485
2.02446e-06 0.0486111
2.02524e-06 0.0486737
2.02595e-06 0.0487362
2.02658e-06 0.0487988
2.02715e-06 0.0488614
2.02764e-06 0.0489239
2.02807e-06 0.0489865
2.02842e-06 0.049049
2.02869e-06 0.0491116
2.0289e-06 0.0491742
2.02903e-06 0.0492367
2.02909e-06 0.0492993
2.02908e-06 0.0493619
2.02899e-06 0.0494244
2.02883e-06 0.049487
2.0286e-06 0.0495495
2.02829e-06 0.0496121
2.02791e-06 0.0496747
2.02745e-06 0.0497372
2.02692e-06 0.0497998
2.02631e-06 0.0498624
2.02562e-06 0.0499249
2.02486e-06 0.0499875
2.02403e-06 0.0500501
2.02312e-06 0.0501126
2.02213e-06 0.0501752
2.02106e-06 0.0502377
2.01992e-06 0.0503003
2.0187e-06 0.0503629
2.0174e-06 0.0504254
2.01603e-06 0.050488
2.01458e-06 0.0505506
2.01304e-06 0.0506131
2.01143e-06 0.0506757
2.00975e-06 0.0507382
2.00798e-06 0.0508008
2.00613e-06 0.0508634
2.0042e-06 0.0509259
2.00219e-06 0.0509885
2.00011e-06 0.0510511
1.99794e-06 0.0511136
1.99569e-06 0.0511762
1.99336e-06 0.0512387
1.99095e-06 0.0513013
1.98846e-06 0.0513639
1.98588e-06 0.0514264
1.98323e-06 0.051489
1.98049e-06 0.0515516
1.97767e-06 0.0516141
1.97477e-06 0.0516767
1.97178e-06 0.0517392
1.96871e-06 0.0518018
1.96556e-06 0.0518644
1.96232e-06 0.0519269
1.959e-06 0.0519895
1.95559e-06 0.0520521
1.9521e-06 0.0521146
1.94853e-06 0.0521772
1.94487e-06 0.0522397
1.94112e-06 0.0523023
1.93729e-06 0.0523649
1.93338e-06 0.0524274
1.92938e-06 0.05249
1.92529e-06 0.0525526
1.92111e-06 0.0526151
1.91685e-06 0.0526777
1.9125e-06 0.0527402
1.90806e-06 0.0528028
1.90354e-06 0.0528654
1.89892e-06 0.0529279
1.89422e-06 0.0529905
1.88943e-06 0.0530531
1.88456e-06 0.0531156
1.87959e-06 0.0531782
1.87453e-06 0.0532407
1.86939e-06 0.0533033
1.86415e-06 0.0533659
1.85883e-06 0.0534284
1.85341e-06 0.053491
1.84791e-06 0.0535536
1.84231e-06 0.0536161
1.83662e-06 0.0536787
1.83084e-06 0.0537412
1.82497e-06 0.0538038
1.81901e-06 0.0538664
1.81296e-06 0.0539289
1.80681e-06 0.0539915
1.80057e-06 0.0540541
1.79424e-06 0.0541166
1.78781e-06 0.0541792
1.7813e-06 0.0542417
1.77468e-06 0.0543043
1.76798e-06 0.0543669
1.76118e-06 0.0544294
1.75428e-06 0.054492
1.7473e-06 0.0545546
1.74021e-06 0.0546171
1.73303e-06 0.0546797
1.72576e-06 0.0547422
1.71839e-06 0.0548048
1.71092e-06 0.0548674
1.70336e-06 0.0549299
1.6957e-06 0.0549925
1.68795e-06 0.0550551
1.68009e-06 0.0551176
1.67215e-06 0.0551802
1.6641e-06 0.0552427
1.65595e-06 0.0553053
1.64771e-06 0.0553679
1.63937e-06 0.0554304
1.63093e-06 0.055493
1.62239e-06 0.0555556
1.61376e-06 0.0556181
1.60502e-06 0.0556807
1.59618e-06 0.0557432
1.58725e-06 0.0558058
1.57821e-06 0.0558684
1.56907e-06 0.0559309
1.55984e-06 0.0559935
1.5505e-06 0.0560561
1.54106e-06 0.0561186
1.53152e-06 0.0561812
1.52188e-06 0.0562437
1.51214e-06 0.0563063
1.50229e-06 0.0563689
1.49234e-06 0.0564314
1.48229e-06 0.056494
1.47214e-06 0.0565566
1.46188e-06 0.0566191
1.45152e-06 0.0566817
1.44106e-06 0.0567442
1.43049e-06 0.0568068
1.41982e-06 0.0568694
1.40904e-06 0.0569319
1.39816e-06 0.0569945
1.38717e-06 0.0570571
1.37608e-06 0.0571196
1.36488e-06 0.0571822
1.35358e-06 0.0572447
1.34217e-06 0.0573073
1.33066e-06 0.0573699
1.31904e-06 0.0574324
1.30731e-06 0.057495
1.29547e-06 0.0575576
1.28353e-06 0.0576201
1.27148e-06 0.0576827
1.25932e-06 0.0577452
1.24705e-06 0.0578078
1.23468e-06 0.0578704
1.2222e-06 0.0579329
1.2096e-06 0.0579955
1.1969e-06 0.0580581
1.18409e-06 0.0581206
1.17117e-06 0.0581832
1.15814e-06 0.0582457
1.145e-06 0.0583083
1.13175e-06 0.0583709
1.11839e-06 0.0584334
1.10492e-06 0.058496
1.09133e-06 0.0585586
1.07764e-06 0.0586211
1.06383e-06 0.0586837
1.04991e-06 0.0587462
1.03588e-06 0.0588088
1.02174e-06 0.0588714
1.00748e-06 0.0589339
9.9311e-07 0.0589965
9.78627e-07 0.0590591
9.64031e-07 0.0591216
9.49321e-07 0.0591842
9.34496e-07 0.0592467
9.19558e-07 0.0593093
9.04505e-07 0.0593719
8.89337e-07 0.0594344
8.74054e-07 0.059497
8.58655e-07 0.0595596
8.43141e-07 0.0596221
8.27511e-07 0.0596847
8.11765e-07 0.0597472
7.95902e-07 0.0598098
7.79923e-07 0.0598724
7.63827e-07 0.0599349
7.47614e-07 0.0599975
7.31283e-07 0.0600601
7.14834e-07 0.0601226
6.98268e-07 0.0601852
6.81583e-07 0.0602477
6.6478e-07 0.0603103
6.47858e-07 0.0603729
6.30817e-07 0.0604354
6.13657e-07 0.060498
5.96377e-07 0.0605606
5.78978e-07 0.0606231
5.61458e-07 0.0606857
5.43819e-07 0.0607482
5.26058e-07 0.0608108
5.08177e-07 0.0608734
4.90174e-07 0.0609359
4.72051e-07 0.0609985
4.53805e-07 0.0610611
4.35438e-07 0.0611236
4.16949e-07 0.0611862
3.98337e-07 0.0612487
3.79603e-07 0.0613113
3.60746e-07 0.0613739
3.41765e-07 0.0614364
3.22661e-07 0.061499
3.03434e-07 0.0615616
2.84082e-07 0.0616241
2.64606e-07 0.0616867
2.45006e-07 0.0617492
2.25281e-07 0.0618118
2.05431e-07 0.0618744
1.85456e-07 0.0619369
1.65356e-07 0.0619995
1.45129e-07 0.0620621
1.24776e-07 0.0621246
1.04298e-07 0.0621872
8.36923e-08 0.0622497
6.29601e-08 0.0623123
4.21008e-08 0.0623749
2.11142e-08 0.0624374
0 0.0625
