0
1.44219e-10
2.86852e-10
4.27907e-10
5.67393e-10
7.05317e-10
8.41686e-10
9.76509e-10
1.10979e-09
1.24154e-09
1.37177e-09
1.50049e-09
1.62769e-09
1.75339e-09
1.8776e-09
2.00033e-09
2.12157e-09
2.24135e-09
2.35966e-09
2.47652e-09
2.59193e-09
2.7059e-09
2.81844e-09
2.92955e-09
3.03924e-09
3.14752e-09
3.2544e-09
3.35988e-09
3.46398e-09
3.56669e-09
3.66803e-09
3.768e-09
3.86662e-09
3.96388e-09
4.0598e-09
4.15438e-09
4.24763e-09
4.33955e-09
4.43017e-09
4.51947e-09
4.60747e-09
4.69418e-09
4.7796e-09
4.86374e-09
4.94661e-09
5.02822e-09
5.10856e-09
5.18766e-09
5.26551e-09
5.34212e-09
5.41751e-09
5.49167e-09
5.56461e-09
5.63635e-09
5.70688e-09
5.77622e-09
5.84437e-09
5.91134e-09
5.97714e-09
6.04177e-09
6.10524e-09
6.16755e-09
6.22872e-09
6.28875e-09
6.34764e-09
6.40541e-09
6.46206e-09
6.5176e-09
6.57203e-09
6.62536e-09
6.6776e-09
6.72875e-09
6.77883e-09
6.82783e-09
6.87577e-09
6.92264e-09
6.96847e-09
7.01325e-09
7.05699e-09
7.0997e-09
7.14138e-09
7.18205e-09
7.2217e-09
7.26034e-09
7.29799e-09
7.33464e-09
7.3703e-09
7.40499e-09
7.4387e-09
7.47144e-09
7.50323e-09
7.53405e-09
7.56393e-09
7.59287e-09
7.62088e-09
7.64795e-09
7.6741e-09
7.69934e-09
7.72366e-09
7.74708e-09
7.76961e-09
7.79124e-09
7.81199e-09
7.83186e-09
7.85085e-09
7.86898e-09
7.88625e-09
7.90267e-09
7.91824e-09
7.93296e-09
7.94685e-09
7.95992e-09
7.97215e-09
7.98357e-09
7.99418e-09
8.00399e-09
8.01299e-09
8.02121e-09
8.02863e-09
8.03527e-09
8.04114e-09
8.04624e-09
8.05058e-09
8.05415e-09
8.05698e-09
8.05906e-09
8.0604e-09
8.06101e-09
8.06089e-09
8.06005e-09
8.05849e-09
8.05622e-09
8.05324e-09
8.04957e-09
8.0452e-09
8.04014e-09
8.03441e-09
8.02799e-09
8.02091e-09
8.01316e-09
8.00475e-09
7.99569e-09
7.98598e-09
7.97563e-09
7.96464e-09
7.95302e-09
7.94078e-09
7.92791e-09
7.91443e-09
7.90034e-09
7.88565e-09
7.87036e-09
7.85448e-09
7.83801e-09
7.82096e-09
7.80333e-09
7.78513e-09
7.76637e-09
7.74704e-09
7.72717e-09
7.70674e-09
7.68577e-09
7.66426e-09
7.64221e-09
7.61964e-09
7.59655e-09
7.57293e-09
7.54881e-09
7.52418e-09
7.49904e-09
7.47341e-09
7.44729e-09
7.42068e-09
7.39359e-09
7.36603e-09
7.33799e-09
7.30949e-09
7.28053e-09
7.25111e-09
7.22124e-09
7.19092e-09
7.16017e-09
7.12897e-09
7.09735e-09
7.0653e-09
7.03284e-09
6.99995e-09
6.96666e-09
6.93295e-09
6.89885e-09
6.86435e-09
6.82947e-09
6.79419e-09
6.75853e-09
6.7225e-09
6.68609e-09
6.64932e-09
6.61218e-09
6.57469e-09
6.53684e-09
6.49865e-09
6.46011e-09
6.42124e-09
6.38203e-09
6.34249e-09
6.30262e-09
6.26244e-09
6.22194e-09
6.18112e-09
6.14001e-09
6.09859e-09
6.05687e-09
6.01486e-09
5.97256e-09
5.92998e-09
5.88712e-09
5.84399e-09
5.80058e-09
5.75691e-09
5.71298e-09
5.66879e-09
5.62435e-09
5.57966e-09
5.53473e-09
5.48956e-09
5.44415e-09
5.39851e-09
5.35265e-09
5.30656e-09
5.26026e-09
5.21374e-09
5.16701e-09
5.12008e-09
5.07295e-09
5.02562e-09
4.97809e-09
4.93038e-09
4.88249e-09
4.83441e-09
4.78616e-09
4.73774e-09
4.68915e-09
4.6404e-09
4.59148e-09
4.54241e-09
4.49319e-09
4.44382e-09
4.39431e-09
4.34466e-09
4.29487e-09
4.24496e-09
4.19491e-09
4.14474e-09
4.09445e-09
4.04404e-09
3.99353e-09
3.9429e-09
3.89217e-09
3.84134e-09
3.79041e-09
3.73939e-09
3.68828e-09
3.63709e-09
3.58581e-09
3.53445e-09
3.48302e-09
3.43152e-09
3.37996e-09
3.32833e-09
3.27664e-09
3.22489e-09
3.1731e-09
3.12125e-09
3.06936e-09
3.01743e-09
2.96546e-09
2.91345e-09
2.86142e-09
2.80935e-09
2.75727e-09
2.70516e-09
2.65303e-09
2.6009e-09
2.54875e-09
2.4966e-09
2.44444e-09
2.39228e-09
2.34013e-09
2.28798e-09
2.23584e-09
2.18372e-09
2.13162e-09
2.07953e-09
2.02747e-09
1.97543e-09
1.92343e-09
1.87146e-09
1.81952e-09
1.76763e-09
1.71577e-09
1.66397e-09
1.61221e-09
1.5605e-09
1.50885e-09
1.45726e-09
1.40573e-09
1.35427e-09
1.30287e-09
1.25154e-09
1.20029e-09
1.14912e-09
1.09802e-09
1.04701e-09
9.96081e-10
9.45243e-10
8.94497e-10
8.43845e-10
7.93291e-10
7.42837e-10
6.92487e-10
6.42242e-10
5.92107e-10
5.42083e-10
4.92175e-10
4.42383e-10
3.92712e-10
3.43164e-10
2.93742e-10
2.44448e-10
1.95285e-10
1.46256e-10
9.73643e-11
4.86111e-11
0
4.84663e-11
9.67859e-11
1.44955e-10
1.92972e-10
2.40835e-10
2.8854e-10
3.36084e-10
3.83466e-10
4.30683e-10
4.77733e-10
5.24612e-10
5.71319e-10
6.1785e-10
6.64204e-10
7.10379e-10
7.56371e-10
8.02179e-10
8.47799e-10
8.9323e-10
9.3847e-10
9.83515e-10
1.02836e-09
1.07301e-09
1.11746e-09
1.16171e-09
1.20575e-09
1.24958e-09
1.29321e-09
1.33662e-09
1.37981e-09
1.42279e-09
1.46556e-09
1.5081e-09
1.55041e-09
1.59251e-09
1.63437e-09
1.67601e-09
1.71742e-09
1.75859e-09
1.79953e-09
1.84023e-09
1.88069e-09
1.9209e-09
1.96088e-09
2.00061e-09
2.0401e-09
2.07933e-09
2.11831e-09
2.15704e-09
2.19552e-09
2.23374e-09
2.2717e-09
2.3094e-09
2.34684e-09
2.38402e-09
2.42092e-09
2.45757e-09
2.49394e-09
2.53004e-09
2.56587e-09
2.60143e-09
2.63671e-09
2.67171e-09
2.70643e-09
2.74087e-09
2.77503e-09
2.8089e-09
2.84249e-09
2.8758e-09
2.90881e-09
2.94153e-09
2.97396e-09
3.0061e-09
3.03794e-09
3.06949e-09
3.10074e-09
3.13168e-09
3.16233e-09
3.19268e-09
3.22272e-09
3.25246e-09
3.28189e-09
3.31101e-09
3.33983e-09
3.36833e-09
3.39652e-09
3.4244e-09
3.45197e-09
3.47922e-09
3.50615e-09
3.53276e-09
3.55906e-09
3.58503e-09
3.61069e-09
3.63602e-09
3.66103e-09
3.68571e-09
3.71007e-09
3.7341e-09
3.7578e-09
3.78117e-09
3.80421e-09
3.82692e-09
3.8493e-09
3.87134e-09
3.89305e-09
3.91442e-09
3.93546e-09
3.95616e-09
3.97652e-09
3.99654e-09
4.01623e-09
4.03557e-09
4.05457e-09
4.07323e-09
4.09154e-09
4.10951e-09
4.12713e-09
4.14441e-09
4.16134e-09
4.17793e-09
4.19416e-09
4.21005e-09
4.22558e-09
4.24077e-09
4.25561e-09
4.27009e-09
4.28422e-09
4.298e-09
4.31143e-09
4.3245e-09
4.33722e-09
4.34958e-09
4.36158e-09
4.37323e-09
4.38452e-09
4.39546e-09
4.40604e-09
4.41625e-09
4.42611e-09
4.43561e-09
4.44475e-09
4.45354e-09
4.46196e-09
4.47001e-09
4.47771e-09
4.48505e-09
4.49202e-09
4.49864e-09
4.50489e-09
4.51077e-09
4.5163e-09
4.52146e-09
4.52626e-09
4.53069e-09
4.53476e-09
4.53846e-09
4.5418e-09
4.54478e-09
4.54739e-09
4.54964e-09
4.55152e-09
4.55304e-09
4.55419e-09
4.55498e-09
4.5554e-09
4.55546e-09
4.55515e-09
4.55448e-09
4.55344e-09
4.55204e-09
4.55027e-09
4.54813e-09
4.54563e-09
4.54277e-09
4.53954e-09
4.53595e-09
4.53199e-09
4.52767e-09
4.52299e-09
4.51794e-09
4.51252e-09
4.50675e-09
4.50061e-09
4.4941e-09
4.48724e-09
4.48001e-09
4.47242e-09
4.46447e-09
4.45616e-09
4.44748e-09
4.43845e-09
4.42905e-09
4.41929e-09
4.40918e-09
4.3987e-09
4.38787e-09
4.37668e-09
4.36513e-09
4.35322e-09
4.34096e-09
4.32834e-09
4.31537e-09
4.30204e-09
4.28835e-09
4.27431e-09
4.25992e-09
4.24518e-09
4.23008e-09
4.21463e-09
4.19883e-09
4.18268e-09
4.16619e-09
4.14934e-09
4.13214e-09
4.1146e-09
4.09671e-09
4.07848e-09
4.0599e-09
4.04098e-09
4.02171e-09
4.0021e-09
3.98215e-09
3.96186e-09
3.94123e-09
3.92026e-09
3.89895e-09
3.8773e-09
3.85532e-09
3.83301e-09
3.81035e-09
3.78737e-09
3.76406e-09
3.74041e-09
3.71643e-09
3.69213e-09
3.66749e-09
3.64253e-09
3.61725e-09
3.59164e-09
3.5657e-09
3.53944e-09
3.51287e-09
3.48597e-09
3.45875e-09
3.43122e-09
3.40337e-09
3.37521e-09
3.34673e-09
3.31794e-09
3.28884e-09
3.25942e-09
3.2297e-09
3.19968e-09
3.16934e-09
3.13871e-09
3.10777e-09
3.07652e-09
3.04498e-09
3.01314e-09
2.981e-09
2.94857e-09
2.91584e-09
2.88282e-09
2.84951e-09
2.81591e-09
2.78202e-09
2.74784e-09
2.71338e-09
2.67864e-09
2.64361e-09
2.6083e-09
2.57272e-09
2.53686e-09
2.50072e-09
2.46431e-09
2.42763e-09
2.39068e-09
2.35346e-09
2.31597e-09
2.27822e-09
2.24021e-09
2.20193e-09
2.1634e-09
2.1246e-09
2.08556e-09
2.04626e-09
2.0067e-09
1.9669e-09
1.92685e-09
1.88655e-09
1.84601e-09
1.80523e-09
1.76421e-09
1.72295e-09
1.68145e-09
1.63972e-09
1.59776e-09
1.55556e-09
1.51314e-09
1.4705e-09
1.42763e-09
1.38454e-09
1.34122e-09
1.2977e-09
1.25395e-09
1.21e-09
1.16583e-09
1.12146e-09
1.07687e-09
1.03209e-09
9.87102e-10
9.41916e-10
8.96533e-10
8.50956e-10
8.05186e-10
7.59225e-10
7.13078e-10
6.66744e-10
6.20228e-10
5.73532e-10
5.26657e-10
4.79607e-10
4.32384e-10
3.8499e-10
3.37428e-10
2.89701e-10
2.4181e-10
1.93759e-10
1.4555e-10
9.71849e-11
4.86677e-11
0
4.88152e-11
9.77756e-11
1.46878e-10
1.9612e-10
2.45499e-10
2.95012e-10
3.44657e-10
3.94431e-10
4.4433e-10
4.94353e-10
5.44496e-10
5.94758e-10
6.45134e-10
6.95622e-10
7.46218e-10
7.96922e-10
8.47729e-10
8.98636e-10
9.49641e-10
1.00074e-09
1.05193e-09
1.10321e-09
1.15458e-09
1.20603e-09
1.25756e-09
1.30916e-09
1.36084e-09
1.41259e-09
1.46441e-09
1.51629e-09
1.56824e-09
1.62024e-09
1.67229e-09
1.7244e-09
1.77656e-09
1.82877e-09
1.88101e-09
1.9333e-09
1.98562e-09
2.03797e-09
2.09036e-09
2.14277e-09
2.1952e-09
2.24765e-09
2.30012e-09
2.3526e-09
2.4051e-09
2.45759e-09
2.5101e-09
2.5626e-09
2.61509e-09
2.66758e-09
2.72006e-09
2.77252e-09
2.82497e-09
2.87739e-09
2.92979e-09
2.98216e-09
3.0345e-09
3.08681e-09
3.13907e-09
3.19129e-09
3.24347e-09
3.29559e-09
3.34767e-09
3.39968e-09
3.45163e-09
3.50352e-09
3.55534e-09
3.60709e-09
3.65877e-09
3.71036e-09
3.76187e-09
3.81329e-09
3.86462e-09
3.91586e-09
3.967e-09
4.01804e-09
4.06897e-09
4.11978e-09
4.17049e-09
4.22108e-09
4.27154e-09
4.32188e-09
4.37209e-09
4.42217e-09
4.4721e-09
4.5219e-09
4.57155e-09
4.62105e-09
4.67039e-09
4.71958e-09
4.76861e-09
4.81747e-09
4.86615e-09
4.91467e-09
4.963e-09
5.01115e-09
5.05912e-09
5.10689e-09
5.15447e-09
5.20185e-09
5.24902e-09
5.29599e-09
5.34274e-09
5.38927e-09
5.43559e-09
5.48168e-09
5.52754e-09
5.57316e-09
5.61855e-09
5.66369e-09
5.70858e-09
5.75323e-09
5.79761e-09
5.84174e-09
5.8856e-09
5.92919e-09
5.9725e-09
6.01554e-09
6.05829e-09
6.10076e-09
6.14293e-09
6.18481e-09
6.22638e-09
6.26765e-09
6.3086e-09
6.34924e-09
6.38956e-09
6.42956e-09
6.46922e-09
6.50855e-09
6.54754e-09
6.58619e-09
6.62448e-09
6.66243e-09
6.70001e-09
6.73724e-09
6.77409e-09
6.81057e-09
6.84667e-09
6.88239e-09
6.91773e-09
6.95267e-09
6.98721e-09
7.02135e-09
7.05508e-09
7.0884e-09
7.12131e-09
7.15379e-09
7.18584e-09
7.21746e-09
7.24865e-09
7.27939e-09
7.30968e-09
7.33952e-09
7.3689e-09
7.39782e-09
7.42627e-09
7.45425e-09
7.48175e-09
7.50876e-09
7.53529e-09
7.56132e-09
7.58685e-09
7.61188e-09
7.6364e-09
7.6604e-09
7.68388e-09
7.70684e-09
7.72926e-09
7.75115e-09
7.77249e-09
7.79329e-09
7.81353e-09
7.83322e-09
7.85234e-09
7.87089e-09
7.88887e-09
7.90627e-09
7.92308e-09
7.9393e-09
7.95492e-09
7.96994e-09
7.98436e-09
7.99816e-09
8.01134e-09
8.02389e-09
8.03581e-09
8.0471e-09
8.05775e-09
8.06775e-09
8.07709e-09
8.08578e-09
8.0938e-09
8.10115e-09
8.10782e-09
8.11382e-09
8.11912e-09
8.12373e-09
8.12764e-09
8.13085e-09
8.13335e-09
8.13512e-09
8.13618e-09
8.1365e-09
8.13609e-09
8.13494e-09
8.13305e-09
8.1304e-09
8.12699e-09
8.12282e-09
8.11787e-09
8.11215e-09
8.10565e-09
8.09835e-09
8.09026e-09
8.08137e-09
8.07168e-09
8.06117e-09
8.04984e-09
8.03768e-09
8.02469e-09
8.01087e-09
7.9962e-09
7.98067e-09
7.96429e-09
7.94705e-09
7.92894e-09
7.90995e-09
7.89008e-09
7.86933e-09
7.84767e-09
7.82512e-09
7.80166e-09
7.77728e-09
7.75198e-09
7.72576e-09
7.6986e-09
7.67051e-09
7.64146e-09
7.61147e-09
7.58051e-09
7.54859e-09
7.5157e-09
7.48182e-09
7.44697e-09
7.41111e-09
7.37427e-09
7.33641e-09
7.29754e-09
7.25766e-09
7.21675e-09
7.1748e-09
7.13182e-09
7.08779e-09
7.04271e-09
6.99658e-09
6.94937e-09
6.90109e-09
6.85174e-09
6.80129e-09
6.74976e-09
6.69712e-09
6.64338e-09
6.58852e-09
6.53254e-09
6.47544e-09
6.4172e-09
6.35782e-09
6.29729e-09
6.2356e-09
6.17276e-09
6.10874e-09
6.04354e-09
5.97717e-09
5.9096e-09
5.84083e-09
5.77086e-09
5.69968e-09
5.62728e-09
5.55365e-09
5.47879e-09
5.40269e-09
5.32534e-09
5.24674e-09
5.16687e-09
5.08573e-09
5.00332e-09
4.91963e-09
4.83464e-09
4.74835e-09
4.66076e-09
4.57185e-09
4.48163e-09
4.39007e-09
4.29718e-09
4.20295e-09
4.10736e-09
4.01042e-09
3.91212e-09
3.81244e-09
3.71138e-09
3.60893e-09
3.50509e-09
3.39985e-09
3.29319e-09
3.18512e-09
3.07562e-09
2.96469e-09
2.85232e-09
2.7385e-09
2.62322e-09
2.50648e-09
2.38827e-09
2.26858e-09
2.1474e-09
2.02473e-09
1.90055e-09
1.77487e-09
1.64767e-09
1.51894e-09
1.38868e-09
1.25688e-09
1.12353e-09
9.88619e-10
8.52145e-10
7.14099e-10
5.74473e-10
4.33257e-10
2.90445e-10
1.46029e-10
0
